########### array before sorts ###########
0	14.859000	0.000000	14.859000	37.338000	n
1	14.859000	37.338000	116.078000	37.084000	n
2	116.205000	0.000000	14.859000	0.000000	n
3	116.078000	37.084000	116.205000	0.000000	n
Tolerance=0.050000.
*Exact match for i=0 and j=1.
*i point 14.859000	0.000000	14.859000	37.338000	y
*Exact match for i=1 and j=3.
*i point 14.859000	37.338000	116.078000	37.084000	y
*Exact match for i=2 and j=3.
*i point 116.078000	37.084000	116.205000	0.000000	y
########### array after sorts ###########
0	14.859000	0.000000	14.859000	37.338000	y
1	14.859000	37.338000	116.078000	37.084000	y
2	116.078000	37.084000	116.205000	0.000000	y
3	116.205000	0.000000	14.859000	0.000000	y
***************
.BOARD_OUTLINE UNOWNED
1.6
0     14.859000     0.000000     0
0     14.859000     37.338000     0
0     116.078000     37.084000     0
0     116.205000     0.000000     0
0     14.859000     0.000000     0
